[-0.5300612449645996, -0.5220001163238116, -0.27501, -0.5219754227667144]
[-0.4780610203742981, -0.4561858878238159, -0.493334759022355, -0.4738766686284906]
[-0.4047245979309082, -0.41246855827825213, -0.43408549628865556, -0.4257812279266085]
[-0.345058798789978, -0.3384243172592314, -0.38852048132401656, -0.3721783004213677]
[-0.2724732756614685, -0.2779444057945225, -0.32717316302468497, -0.3124614423941113]
[-0.21610544621944427, -0.2135126299827466, -0.26354087306732765, -0.24927661916584923]
[-0.1575482338666916, -0.1426274941989812, -0.1965507460542179, -0.1815577639593208]
[-0.09648780524730682, -0.06629922948230237, -0.12604582292283334, -0.10965534676585166]
[-0.03886793553829193, 0.0022223562919439672, -0.053549345349752434, -0.03835855980865675]
[0.026162907481193542, 0.030454902273903784, 0.016136656339071874, 0.020021710280238303]
[0.061809245496988297, 0.08213709873439246, 0.07213544628372476, 0.07484373424595353]
[0.12441497296094894, 0.13083452860068034, 0.12723263317175676, 0.12820691163403725]
[0.17603757977485657, 0.17715428883296505, 0.18087308521722706, 0.1798677672621055]
[0.21274709701538086, 0.24996350994080418, 0.2330959962478883, 0.23765445910541413]
[0.28871962428092957, 0.2847780328770687, 0.2920193527035978, 0.29006269947929336]
